step_size = 2
max_iter = 60000
start_position = (0 0 0)	end_position = (39 20 9)
START_POSITION			END_POSITION			DISTANCE	TOTAL_DISTANCE
(0 0 0)	(0.367455 0.154718 0.0322329)	0.4	0.4
(0.367455 0.154718 0.0322329)	(0.501033 0.493978 0.19673)	0.4	0.8
(0.501033 0.493978 0.19673)	(0.814332 0.734589 0.259584)	0.4	1.2
(0.814332 0.734589 0.259584)	(1.00991 1.08231 0.288581)	0.4	1.6
(1.00991 1.08231 0.288581)	(1.09554 1.46603 0.362222)	0.4	2
(1.09554 1.46603 0.362222)	(1.42485 1.66346 0.474366)	0.4	2.4
(1.42485 1.66346 0.474366)	(1.70005 1.93592 0.574523)	0.4	2.8
(1.70005 1.93592 0.574523)	(1.86094 2.26353 0.738183)	0.4	3.2
(1.86094 2.26353 0.738183)	(2.21676 2.4383 0.791565)	0.4	3.6
(2.21676 2.4383 0.791565)	(2.5732 2.60863 0.854335)	0.4	4
(2.5732 2.60863 0.854335)	(2.92506 2.79323 0.900377)	0.4	4.4
(2.92506 2.79323 0.900377)	(3.27015 2.92226 1.05613)	0.4	4.8
(3.27015 2.92226 1.05613)	(3.43032 3.2588 1.20133)	0.4	5.2
(3.43032 3.2588 1.20133)	(3.82278 3.33429 1.21798)	0.4	5.6
(3.82278 3.33429 1.21798)	(3.79943 3.72715 1.28949)	0.4	6
(3.79943 3.72715 1.28949)	(4.00398 4.07064 1.3027)	0.4	6.4
(4.00398 4.07064 1.3027)	(4.39081 4.05761 1.40365)	0.4	6.8
(4.39081 4.05761 1.40365)	(4.45572 4.43494 1.51947)	0.4	7.2
(4.45572 4.43494 1.51947)	(4.68515 4.75991 1.56135)	0.4	7.6
(4.68515 4.75991 1.56135)	(4.86231 5.04965 1.77269)	0.4	8
(4.86231 5.04965 1.77269)	(4.91682 5.44544 1.79223)	0.4	8.4
(4.91682 5.44544 1.79223)	(5.17498 5.74204 1.86558)	0.4	8.8
(5.17498 5.74204 1.86558)	(5.5529 5.68662 1.98437)	0.4	9.2
(5.5529 5.68662 1.98437)	(5.89847 5.87282 2.06122)	0.4	9.6
(5.89847 5.87282 2.06122)	(6.23358 6.09049 2.04335)	0.4	10
(6.23358 6.09049 2.04335)	(6.11685 6.46031 1.94533)	0.4	10.4
(6.11685 6.46031 1.94533)	(6.0485 6.85361 1.97071)	0.4	10.8
(6.0485 6.85361 1.97071)	(6.32559 7.13999 2.00551)	0.4	11.2
(6.32559 7.13999 2.00551)	(6.50994 7.48934 2.06851)	0.4	11.6
(6.50994 7.48934 2.06851)	(6.75136 7.80809 2.07907)	0.4	12
(6.75136 7.80809 2.07907)	(7.03585 8.08879 2.09564)	0.4	12.4
(7.03585 8.08879 2.09564)	(7.37248 8.30387 2.07516)	0.4	12.8
(7.37248 8.30387 2.07516)	(7.58603 8.64091 2.10347)	0.4	13.2
(7.58603 8.64091 2.10347)	(7.65255 9.0191 2.21549)	0.4	13.6
(7.65255 9.0191 2.21549)	(7.4924 9.37011 2.32104)	0.4	14
(7.4924 9.37011 2.32104)	(7.56095 9.76375 2.33967)	0.4	14.4
(7.56095 9.76375 2.33967)	(7.58654 10.1389 2.20329)	0.4	14.8
(7.58654 10.1389 2.20329)	(7.86012 10.4249 2.26114)	0.4	15.2
(7.86012 10.4249 2.26114)	(8.08416 10.754 2.22231)	0.4	15.6
(8.08416 10.754 2.22231)	(8.36102 11.0329 2.29698)	0.4	16
(8.36102 11.0329 2.29698)	(8.63854 11.3158 2.35145)	0.4	16.4
(8.63854 11.3158 2.35145)	(8.8193 11.6716 2.37797)	0.4	16.8
(8.8193 11.6716 2.37797)	(9.21277 11.6095 2.34168)	0.4	17.2
(9.21277 11.6095 2.34168)	(9.59763 11.6721 2.43092)	0.4	17.6
(9.59763 11.6721 2.43092)	(9.97486 11.5441 2.39465)	0.4	18
(9.97486 11.5441 2.39465)	(10.3617 11.4516 2.43737)	0.4	18.4
(10.3617 11.4516 2.43737)	(10.6321 11.6886 2.61257)	0.4	18.8
(10.6321 11.6886 2.61257)	(10.6148 12.0812 2.68705)	0.4	19.2
(10.6148 12.0812 2.68705)	(10.7229 12.4656 2.66335)	0.4	19.6
(10.7229 12.4656 2.66335)	(10.9375 12.772 2.80511)	0.4	20
(10.9375 12.772 2.80511)	(11.2076 13.045 2.91683)	0.4	20.4
(11.2076 13.045 2.91683)	(11.5695 13.1995 2.98872)	0.4	20.8
(11.5695 13.1995 2.98872)	(11.5767 13.5983 2.95875)	0.4	21.2
(11.5767 13.5983 2.95875)	(11.5913 13.9962 2.99716)	0.4	21.6
(11.5913 13.9962 2.99716)	(11.9656 14.1225 3.06032)	0.4	22
(11.9656 14.1225 3.06032)	(12.2196 14.4287 3.10148)	0.4	22.4
(12.2196 14.4287 3.10148)	(12.5903 14.579 3.09995)	0.4	22.8
(12.5903 14.579 3.09995)	(12.89 14.6966 3.33727)	0.4	23.2
(12.89 14.6966 3.33727)	(13.2849 14.7263 3.394)	0.4	23.6
(13.2849 14.7263 3.394)	(13.6527 14.883 3.38312)	0.4	24
(13.6527 14.883 3.38312)	(13.9304 15.1685 3.34546)	0.4	24.4
(13.9304 15.1685 3.34546)	(14.2011 15.4607 3.38199)	0.4	24.8
(14.2011 15.4607 3.38199)	(14.3919 15.7822 3.23973)	0.4	25.2
(14.3919 15.7822 3.23973)	(14.7628 15.9265 3.19961)	0.4	25.6
(14.7628 15.9265 3.19961)	(15.0994 15.7629 3.34072)	0.4	26
(15.0994 15.7629 3.34072)	(15.4823 15.6518 3.30883)	0.4	26.4
(15.4823 15.6518 3.30883)	(15.6566 15.3679 3.53022)	0.4	26.8
(15.6566 15.3679 3.53022)	(15.9849 15.1414 3.5601)	0.4	27.2
(15.9849 15.1414 3.5601)	(16.3763 15.0618 3.53853)	0.399999	27.6
(16.3763 15.0618 3.53853)	(16.6669 14.8386 3.37806)	0.400001	28
(16.6669 14.8386 3.37806)	(16.978 14.5886 3.40386)	0.4	28.4
(16.978 14.5886 3.40386)	(17.0785 14.2425 3.23023)	0.4	28.8
(17.0785 14.2425 3.23023)	(17.4584 14.2519 3.35502)	0.4	29.2
(17.4584 14.2519 3.35502)	(17.8423 14.2584 3.24282)	0.400001	29.6
(17.8423 14.2584 3.24282)	(18.1906 14.0692 3.29683)	0.399999	30
(18.1906 14.0692 3.29683)	(18.5806 14.1016 3.37952)	0.399999	30.4
(18.5806 14.1016 3.37952)	(18.9477 13.9505 3.33049)	0.4	30.8
(18.9477 13.9505 3.33049)	(19.3364 13.9132 3.41716)	0.399999	31.2
(19.3364 13.9132 3.41716)	(19.5254 13.5696 3.49609)	0.4	31.6
(19.5254 13.5696 3.49609)	(19.8137 13.2957 3.45327)	0.4	32
(19.8137 13.2957 3.45327)	(20.1782 13.3349 3.61343)	0.4	32.4
(20.1782 13.3349 3.61343)	(20.4705 13.069 3.55149)	0.4	32.8
(20.4705 13.069 3.55149)	(20.7757 12.8201 3.48169)	0.4	33.2
(20.7757 12.8201 3.48169)	(21.0886 12.9165 3.71149)	0.400001	33.6
(21.0886 12.9165 3.71149)	(21.4435 13.077 3.80236)	0.4	34
(21.4435 13.077 3.80236)	(21.7523 12.8553 3.67783)	0.4	34.4
(21.7523 12.8553 3.67783)	(22.0957 12.6708 3.76754)	0.4	34.8
(22.0957 12.6708 3.76754)	(22.0069 12.2903 3.85298)	0.4	35.2
(22.0069 12.2903 3.85298)	(22.3187 12.0661 3.96512)	0.4	35.6
(22.3187 12.0661 3.96512)	(22.6833 12.1421 4.11102)	0.4	36
(22.6833 12.1421 4.11102)	(23.0564 12.2863 4.11301)	0.4	36.4
(23.0564 12.2863 4.11301)	(23.3971 12.4928 4.07771)	0.399999	36.8
(23.3971 12.4928 4.07771)	(23.554 12.8139 4.25739)	0.4	37.2
(23.554 12.8139 4.25739)	(23.8997 12.8585 4.45371)	0.400001	37.6
(23.8997 12.8585 4.45371)	(24.2471 12.9614 4.28425)	0.4	38
(24.2471 12.9614 4.28425)	(24.6445 12.9327 4.24918)	0.4	38.4
(24.6445 12.9327 4.24918)	(24.9675 13.1572 4.17702)	0.400001	38.8
(24.9675 13.1572 4.17702)	(25.2917 12.9551 4.05845)	0.4	39.2
(25.2917 12.9551 4.05845)	(25.6042 12.7064 4.037)	0.4	39.6
(25.6042 12.7064 4.037)	(25.9882 12.723 4.14791)	0.4	40
(25.9882 12.723 4.14791)	(25.9896 12.6361 4.53837)	0.4	40.4
(25.9896 12.6361 4.53837)	(26.2607 12.3959 4.70801)	0.4	40.8
(26.2607 12.3959 4.70801)	(26.6598 12.3831 4.68511)	0.400001	41.2
(26.6598 12.3831 4.68511)	(27.0359 12.5171 4.66026)	0.4	41.6
(27.0359 12.5171 4.66026)	(27.3162 12.2385 4.72149)	0.4	42
(27.3162 12.2385 4.72149)	(27.6228 12.4579 4.85501)	0.4	42.4
(27.6228 12.4579 4.85501)	(27.9582 12.6464 4.74546)	0.4	42.8
(27.9582 12.6464 4.74546)	(28.3305 12.6641 4.60012)	0.399999	43.2
(28.3305 12.6641 4.60012)	(28.6742 12.545 4.43383)	0.4	43.6
(28.6742 12.545 4.43383)	(29.0521 12.6746 4.41414)	0.399999	44
(29.0521 12.6746 4.41414)	(29.4249 12.5298 4.42189)	0.400001	44.4
(29.4249 12.5298 4.42189)	(29.6682 12.2567 4.58388)	0.4	44.8
(29.6682 12.2567 4.58388)	(30.0142 12.1017 4.45648)	0.4	45.2
(30.0142 12.1017 4.45648)	(30.3449 12.3243 4.42249)	0.4	45.6
(30.3449 12.3243 4.42249)	(30.5121 12.6876 4.42165)	0.4	46
(30.5121 12.6876 4.42165)	(30.7752 12.9795 4.34666)	0.4	46.4
(30.7752 12.9795 4.34666)	(31.0332 13.2577 4.21989)	0.4	46.8
(31.0332 13.2577 4.21989)	(31.1376 13.6368 4.29314)	0.4	47.2
(31.1376 13.6368 4.29314)	(31.5203 13.7351 4.35488)	0.400001	47.6
(31.5203 13.7351 4.35488)	(31.4441 14.0969 4.50762)	0.4	48
(31.4441 14.0969 4.50762)	(31.7972 14.2846 4.49801)	0.4	48.4
(31.7972 14.2846 4.49801)	(31.8204 14.6839 4.49235)	0.4	48.8
(31.8204 14.6839 4.49235)	(32.1602 14.82 4.33108)	0.4	49.2
(32.1602 14.82 4.33108)	(32.4169 15.1092 4.22862)	0.4	49.6
(32.4169 15.1092 4.22862)	(32.7621 15.2351 4.38658)	0.4	50
(32.7621 15.2351 4.38658)	(32.8609 15.6202 4.4303)	0.4	50.4
(32.8609 15.6202 4.4303)	(32.7217 15.9042 4.6752)	0.4	50.8
(32.7217 15.9042 4.6752)	(32.9445 16.2283 4.60239)	0.400001	51.2
(32.9445 16.2283 4.60239)	(33.2451 16.3576 4.83245)	0.399999	51.6
(33.2451 16.3576 4.83245)	(33.553 16.5385 4.65222)	0.399999	52
(33.553 16.5385 4.65222)	(33.7814 16.8664 4.63448)	0.400001	52.4
(33.7814 16.8664 4.63448)	(33.6338 17.1561 4.40135)	0.4	52.8
(33.6338 17.1561 4.40135)	(33.8705 17.4761 4.36155)	0.400001	53.2
(33.8705 17.4761 4.36155)	(34.0503 17.7061 4.635)	0.4	53.6
(34.0503 17.7061 4.635)	(34.1774 17.9599 4.91674)	0.400001	54
(34.1774 17.9599 4.91674)	(34.5093 17.9303 5.1381)	0.400001	54.4
(34.5093 17.9303 5.1381)	(34.449 18.1231 5.48329)	0.4	54.8
(34.449 18.1231 5.48329)	(34.5241 18.4293 5.72946)	0.400001	55.2
(34.5241 18.4293 5.72946)	(34.712 18.7821 5.71298)	0.400001	55.6
(34.712 18.7821 5.71298)	(34.9814 18.9041 5.98228)	0.4	56
(34.9814 18.9041 5.98228)	(35.277 19.0819 6.1849)	0.4	56.4
(35.277 19.0819 6.1849)	(35.2218 19.0493 6.57974)	0.4	56.8
(35.2218 19.0493 6.57974)	(35.5649 18.996 6.77845)	0.400001	57.2
(35.5649 18.996 6.77845)	(35.7609 19.2853 6.97312)	0.4	57.6
(35.7609 19.2853 6.97312)	(36.0549 19.0279 7.05875)	0.400001	58
(36.0549 19.0279 7.05875)	(36.451 19.0527 7.108)	0.4	58.4
(36.451 19.0527 7.108)	(36.5089 18.8117 7.42192)	0.4	58.8
(36.5089 18.8117 7.42192)	(36.869 18.6571 7.34158)	0.4	59.2
(36.869 18.6571 7.34158)	(36.8913 18.5456 7.72506)	0.4	59.6
(36.8913 18.5456 7.72506)	(37.2474 18.5249 7.90604)	0.399999	60
(37.2474 18.5249 7.90604)	(37.6441 18.5376 7.95561)	0.399999	60.4
(37.6441 18.5376 7.95561)	(37.8994 18.248 7.85097)	0.399999	60.8
(37.8994 18.248 7.85097)	(38.1943 18.4477 7.66877)	0.399999	61.2
(38.1943 18.4477 7.66877)	(38.4415 18.369 7.97322)	0.400001	61.6
(38.4415 18.369 7.97322)	(38.588 18.5682 8.28758)	0.4	62
(38.588 18.5682 8.28758)	(38.7729 18.8297 8.52728)	0.4	62.4
LAST_NODE_POSITION			FINAL_POSITION			DISTANCE	TOTAL_DISTANCE
(38.7729 18.8297 8.52728)	(39 20 9)	1.28243	63.6824
